image_width: 640
image_height: 480
camera_name: camera
camera_matrix:
  rows: 3
  cols: 3
  data: [308.177577, 0.000000, 349.502665, 0.000000, 307.905370, 219.631061, 0.000000, 0.000000, 1.000000]
distortion_model: plumb_bob
distortion_coefficients:
  rows: 1
  cols: 5
  data: [0.000124, -0.019837, -0.000380, -0.000423, 0.000000]
rectification_matrix:
  rows: 3
  cols: 3
  data: [1.000000, 0.000000, 0.000000, 0.000000, 1.000000, 0.000000, 0.000000, 0.000000, 1.000000]
projection_matrix:
  rows: 3
  cols: 4
  data: [299.420013, 0.000000, 352.532125, 0.000000, 0.000000, 305.318451, 218.759082, 0.000000, 0.000000, 0.000000, 1.000000, 0.000000]